DepotCollection
Depot:Depo1
Train:100;1000.0;-1178113;-1178113
Electric_Locomotive:100;1000.0;-1178113;-1178113
Depot:Depo3
Train:100;1000.0;-16711681;-16711681
Depot:Depo2
Train:100;1000.0;-256;-256
Train:100;1000.0;-256;-256
Train:100;1000.0;-256;-256
Train:100;1000.0;-256;-256
Train:100;1000.0;-256;-256
Train:100;1000.0;-256;-256
Train:100;1000.0;-256;-256
Train:100;1000.0;-256;-256
Train:100;1000.0;-256;-256
Train:100;1000.0;-256;-256
Train:100;1000.0;-256;-256
Train:100;1000.0;-256;-256
Train:100;1000.0;-256;-256
Train:100;1000.0;-256;-256
Train:100;1000.0;-256;-256
